NAME: czech73
TYPE: TSP
COMMENT: the Czech Republic district cities + Bojkovice
DIMENSION: 73
EDGE_WEIGHT_TYPE: EXPLICIT
EDGE_WEIGHT_FORMAT: FULL_MATRIX
EDGE_WEIGHT_SECTION
0	335.941	145.496	104.184	279.271	132.158	90.985	407.973	343.188	316.868	420.575	451.463	204.338	115.978	478.805	69.873	238.688	406.193	228.373	203.857	319.934	405.797	188.171	263.164	436.762	154.238	340.665	433.046	66.357	264.444	253.341	375.777	409.048	373.662	354.266	361.407	253.223	286.128	95.778	131.3	399.441	86.458	134.353	234.198	222.85	311.351	395.383	306.725	357.897	70.837	109.91	352.251	368.039	382.235	455.12	410.657	168.183	218.715	330.845	157.012	458.954	266.744	398.644	168.279	286.835	33.206	395.839	193.297	52.125	81.629	37.937	167.279	177.201
335.941	0	370.247	241.031	79.049	265.201	291.671	125.654	171.838	146.97	147.73	117.278	152.376	403.557	169.056	304.771	152.826	109.061	167.996	281.023	132.797	146.44	163.059	168.672	139.63	433.666	43.533	98.861	301.852	107.917	120.086	102.932	149.691	76.53	81.421	102.05	189.231	92.719	314.037	404.932	102.309	377.221	407.443	157.599	147.853	97.793	61.198	35.396	136.208	321.762	296.817	42.309	70.907	48.05	157.988	151.3	224.061	190.606	103.017	265.28	124.769	126.466	125.799	196.161	194.282	309.765	122.994	207.995	365.614	274.355	332.831	236.625	188.98
145.496	370.247	0	134.444	309.531	123.055	185.437	297.239	373.448	347.128	450.835	481.723	234.598	90.453	509.065	198.537	168.612	436.453	158.685	45.334	216.245	264.091	218.431	293.424	467.022	94.52	370.925	463.306	99.504	228.321	202.038	406.037	267.342	403.922	384.526	250.494	170.093	237.271	55.041	37.556	429.701	82.144	70.287	164.456	253.11	341.611	425.643	336.985	388.157	74.878	75.119	382.511	398.299	412.495	485.38	236.739	98.441	135.585	361.105	56.994	489.214	297.004	428.904	198.539	202.724	124.227	426.099	114.65	117.594	99.87	114.451	197.539	152.382
104.184	241.031	134.444	0	178.829	28.969	58.617	307.531	242.746	216.426	320.133	351.021	103.896	167.866	378.363	71.717	142.414	305.751	127.931	181.611	219.492	305.355	87.729	162.722	336.32	197.975	240.223	332.604	66.161	164.002	152.899	275.335	308.606	273.22	253.824	260.965	158.041	185.686	78.346	169.241	298.999	141.53	171.752	138.849	122.408	210.909	294.941	206.283	257.455	86.071	61.126	251.809	267.597	281.793	354.678	310.215	67.675	123.533	230.403	134.766	358.512	166.302	298.202	67.837	190.561	74.074	295.397	98.115	129.923	38.664	97.14	68.396	76.759
279.271	79.049	309.531	178.829	0	205.893	232.363	147.649	131.237	104.917	160.251	191.139	93.068	344.249	218.481	245.463	151.859	145.869	108.319	280.056	131.83	145.473	103.751	90.863	176.438	374.358	80.341	172.722	242.544	61.347	62.479	115.453	148.724	113.338	93.942	101.083	188.264	91.752	254.729	345.624	139.117	317.913	348.135	156.632	88.545	89.929	135.059	46.401	145.946	262.454	237.509	63.63	107.715	121.911	194.796	150.333	171.759	189.639	114.366	311.149	198.63	48.657	138.32	136.853	193.315	250.457	135.515	207.028	306.306	215.047	273.523	177.317	129.672
132.158	265.201	123.055	28.969	205.893	0	93.602	333.268	268.483	242.163	345.87	376.758	129.633	157.474	404.1	106.702	124.824	331.488	114.563	144.738	173.309	331.092	113.466	188.459	362.057	187.583	265.96	358.341	68.599	189.739	178.636	301.072	334.343	298.957	279.561	286.702	140.451	211.423	67.954	158.849	324.736	131.138	161.36	120.334	148.145	236.646	320.678	232.02	283.192	88.509	48.767	277.546	293.334	307.53	380.415	193.803	50.085	105.943	256.14	97.893	384.249	192.039	323.939	93.574	172.971	101.641	321.134	80.525	132.361	35.753	99.578	97.181	74.284
90.985	291.671	185.437	58.617	232.363	93.602	0	359.096	294.311	267.991	371.698	402.586	155.461	219.32	429.928	23.012	211.953	357.316	179.496	233.065	271.057	356.92	139.294	214.287	387.885	249.429	291.788	384.169	117.615	215.567	204.464	326.9	360.171	324.785	305.389	312.53	219.931	237.251	129.8	220.695	350.564	192.984	223.206	190.414	173.973	262.474	346.506	257.848	309.02	137.525	112.58	303.374	319.162	333.358	406.243	361.78	129.565	185.423	281.968	186.22	410.077	217.867	349.767	119.402	261.699	64.261	346.962	160.005	181.377	90.118	148.594	83.192	128.324
407.973	125.654	297.239	307.531	147.649	333.268	359.096	0	276.769	250.449	39.144	239.2	162.536	382.967	202.732	372.494	129.682	107.412	164.014	257.495	81.583	73.578	230.782	236.395	160.689	486.747	92.417	220.783	369.575	103.409	115.578	42.377	55.348	84.023	47.682	46.888	164.366	79.17	286.901	384.342	86.263	356.631	386.853	153.617	215.576	212.832	183.12	91.977	251.247	389.485	364.54	167.673	113.165	169.972	179.047	79.766	220.079	167.078	218.056	241.752	246.691	194.189	82.349	263.884	133.04	377.488	53.242	184.467	433.337	342.078	400.554	304.348	192.376
343.188	171.838	373.448	242.746	131.237	268.483	294.311	276.769	0	25.33	288.552	162.12	155.27	406.56	260.213	307.774	280.16	266.361	209.674	420.305	260.131	273.774	166.062	78.945	246.822	436.669	200.833	131.663	304.855	197.326	176.862	243.754	277.025	233.83	222.243	229.384	316.565	220.053	317.04	407.935	259.609	380.224	410.446	220.592	123.498	74.987	160.826	174.702	38.272	324.765	299.82	123.531	228.207	166.346	274.697	278.634	233.961	317.94	80.304	373.46	215.926	89.225	266.621	168.847	321.616	312.768	263.816	245.166	368.617	277.358	335.834	171.859	191.983
316.868	146.97	347.128	216.426	104.917	242.163	267.991	250.449	25.33	0	262.919	139.21	129.637	380.927	237.303	282.141	254.527	248.537	184.041	394.672	234.498	248.141	140.429	53.312	223.912	411.036	183.009	108.753	279.222	171.693	151.229	218.121	251.392	216.006	196.61	203.751	290.932	194.42	291.407	382.302	241.785	354.591	384.813	194.959	97.865	52.077	137.916	149.069	45	299.132	274.187	100.621	210.383	143.436	251.787	253.001	208.328	292.307	57.394	347.827	193.016	63.592	240.988	143.214	295.983	287.135	238.183	219.533	342.984	251.725	310.201	146.226	166.35
420.575	147.73	450.835	320.133	160.251	345.87	371.698	39.144	288.552	262.919	0	261.737	232.757	483.938	186.18	385.152	214.385	90.86	229.555	342.582	117.898	89.145	243.44	249.053	144.137	514.047	114.471	243.32	382.233	169.476	181.645	43.295	70.915	82.384	95.668	83.382	250.79	115.664	394.418	485.313	69.711	457.602	487.824	219.158	228.234	221.625	205.657	114.046	260.04	402.143	377.198	176.466	116.598	192.509	162.495	116.325	285.62	252.165	226.849	326.839	269.228	206.847	47.946	276.542	170.392	390.146	25.836	269.554	445.995	354.736	413.212	317.006	269.361
451.463	117.278	481.723	351.021	191.139	376.758	402.586	239.2	162.12	139.21	261.737	0	266.22	517.401	98.472	418.615	266.67	154.801	281.84	394.867	246.641	260.284	276.903	188.185	129.508	547.51	157.377	31.539	415.696	221.761	233.93	216.776	263.535	190.374	195.265	215.894	303.075	206.563	427.881	518.776	154.931	491.065	521.287	271.443	261.697	107.376	54.448	149.24	119.241	435.606	410.661	114.991	114.93	74.826	112.956	265.144	337.905	304.45	81.928	379.124	54.166	151.99	239.643	310.005	308.126	423.609	236.838	321.839	479.458	388.199	446.675	350.469	302.824
204.338	152.376	234.598	103.896	93.068	129.633	155.461	162.536	155.27	129.637	232.757	266.22	0	267.933	292.194	169.147	87.7	219.582	55.243	189.144	116.09	159.993	27.063	76.235	250.151	298.042	154.054	246.435	166.228	60.6	49.497	189.166	163.244	187.051	167.655	115.603	132.395	82.284	178.413	269.308	212.83	241.597	271.819	66.161	35.921	124.422	208.772	120.114	170.968	186.138	161.193	165.64	181.428	195.624	268.509	143.32	79.53	102.796	143.916	142.299	272.343	79.815	212.033	60.537	137.446	174.141	209.228	90.735	229.99	138.731	197.207	100.629	32.026
115.978	403.557	90.453	167.866	344.249	157.474	219.32	382.967	406.56	380.927	483.938	517.401	267.933	0	542.483	231.955	236.573	469.871	226.312	135.927	285.058	332.904	251.849	326.842	500.44	39.586	404.343	496.724	108.506	328.122	317.019	439.455	336.155	437.34	417.944	336.97	251.108	303.651	94.537	53.929	463.119	30.203	22.987	232.083	286.528	375.029	459.061	370.403	421.575	83.88	108.537	415.929	431.717	445.913	518.798	305.552	166.068	216.6	394.523	154.897	522.632	330.422	462.322	231.957	284.72	133.229	459.517	191.182	65.653	133.288	97.877	230.957	240.879
478.805	169.056	509.065	378.363	218.481	404.1	429.928	202.732	260.213	237.303	186.18	98.472	292.194	542.483	0	469.249	317.304	98.397	332.474	445.501	261.431	275.074	327.537	267.006	42.987	598.144	147.705	139.442	466.33	272.395	284.564	168.685	278.325	130.259	175.274	230.684	353.709	257.197	478.515	569.41	125.926	541.699	571.921	322.077	312.331	189.979	105.447	170.665	218.471	486.24	461.295	165.625	118.361	125.46	26.435	279.934	388.539	355.084	181.158	429.758	53.764	219.15	143.458	360.639	358.76	474.243	161.711	372.473	530.092	438.833	497.309	401.103	353.458
69.873	304.771	198.537	71.717	245.463	106.702	23.012	372.494	307.774	282.141	385.152	418.615	169.147	231.955	469.249	0	225.424	370.787	192.967	216.344	284.528	370.391	152.765	227.758	401.356	232.708	305.259	397.64	64.015	229.038	217.935	340.371	373.642	338.256	318.86	326.001	233.402	250.722	113.079	203.974	364.035	176.263	206.485	203.885	187.444	275.945	359.977	271.319	322.491	93.193	95.859	316.845	332.633	346.829	419.714	375.251	143.036	198.894	295.439	169.499	423.548	231.338	363.238	132.873	275.17	43.231	360.433	173.476	106.902	73.397	71.345	102.917	141.795
238.688	152.826	168.612	142.414	151.859	124.824	211.953	129.682	280.16	254.527	214.385	266.67	87.7	236.573	317.304	225.424	0	219.496	34.747	129.52	50.235	98.081	118.906	168.078	249.797	266.718	153.7	246.081	193.199	61.397	67.473	170.042	101.332	181.035	148.531	84.484	44.846	70.347	140.543	237.984	198.347	210.273	240.495	24.35	127.764	216.595	208.418	118.662	255.01	168.573	157.815	171.436	181.074	195.27	268.155	70.729	73.721	39.103	221.819	113.777	271.989	197.952	192.909	140.359	49.897	217.922	190.104	56.492	227.373	182.566	208.146	192.472	89.144
406.193	109.061	436.453	305.751	145.869	331.488	357.316	107.412	266.361	248.537	90.86	154.801	219.582	469.871	98.397	370.787	219.496	0	227.063	340.09	187.463	201.106	229.003	234.616	55.717	499.61	70.124	144.052	367.796	166.984	179.153	65.833	204.357	34.197	93.183	156.716	248.298	151.786	379.981	470.876	24.276	443.165	473.387	216.666	213.797	193.51	101.916	94.943	231.925	387.706	362.761	148.351	57.468	152.262	74.075	205.966	283.128	249.673	198.734	324.347	138.691	192.41	48.196	262.105	253.349	375.709	66.449	267.062	431.558	340.299	398.775	302.569	254.924
228.373	167.996	158.685	127.931	108.319	114.563	179.496	164.014	209.674	184.041	229.555	281.84	55.243	226.312	332.474	192.967	34.747	227.063	0	134.691	83.497	131.343	81.187	130.359	262.998	256.655	166.901	259.282	189.984	54.359	43.256	183.243	134.594	194.236	161.732	116.867	78.108	83.548	130.48	227.921	211.548	200.21	230.432	11.874	90.045	229.796	221.619	131.863	225.092	158.51	147.752	184.637	194.275	208.471	281.356	103.991	63.658	53.515	235.02	123.394	285.19	133.939	206.11	102.64	83.159	197.897	203.305	51.33	217.31	162.487	198.083	154.753	51.425
203.857	281.023	45.334	181.611	280.056	144.738	233.065	257.495	420.305	394.672	342.582	394.867	189.144	135.927	445.501	216.344	129.52	340.09	134.691	0	176.726	224.572	266.295	341.288	377.202	138.863	281.105	373.486	158.367	188.802	194.878	297.447	227.823	308.44	275.936	210.975	108.688	197.752	105.711	81.899	325.752	126.487	114.63	135.365	300.974	344	335.823	246.067	436.021	133.741	122.983	298.841	308.479	322.675	395.56	197.22	109.647	96.066	349.224	48.514	399.394	344.868	320.314	246.403	143.887	183.09	317.509	95.277	192.541	147.734	173.314	245.403	163.588
319.934	132.797	216.245	219.492	131.83	173.309	271.057	81.583	260.131	234.498	117.898	246.641	116.09	285.058	261.431	284.528	50.235	187.463	83.497	176.726	0	47.324	142.653	219.882	218.069	313.932	119.549	225.805	240.413	58.134	70.303	109.885	50.575	156.16	73.938	35.288	82.322	45.287	187.757	285.198	173.472	257.487	287.709	71.792	199.063	196.319	188.142	93.094	234.734	215.787	205.029	151.16	149.346	174.994	236.427	27.169	120.935	85.034	201.543	159.708	251.713	177.676	168.034	176.127	50.996	265.136	165.229	102.423	274.587	254.321	255.36	216.219	136.586
405.797	146.44	264.091	305.355	145.473	331.092	356.92	73.578	273.774	248.141	89.145	260.284	159.993	332.904	275.074	370.391	98.081	201.106	131.343	224.572	47.324	0	229.182	234.795	232.982	362.957	134.462	240.718	367.975	101.809	113.978	120.927	22.322	171.073	88.851	50.473	131.347	77.57	236.782	334.223	188.385	306.512	336.734	120.817	213.976	211.232	203.055	108.007	249.647	264.812	362.94	166.073	164.259	189.907	251.34	25.56	169.96	134.059	216.456	208.733	266.626	192.589	182.947	262.284	100.021	375.888	114.912	151.448	431.737	340.478	398.954	302.748	190.776
188.171	163.059	218.431	87.729	103.751	113.466	139.294	230.782	166.062	140.429	243.44	276.903	27.063	251.849	327.537	152.765	118.906	229.003	81.187	266.295	142.653	229.182	0	71.822	259.856	288.847	163.759	256.14	157.033	87.272	76.169	198.871	232.142	196.756	177.36	184.501	158.722	108.956	169.218	260.113	222.535	232.402	262.624	92.488	31.508	134.445	218.477	129.819	180.991	176.943	151.998	175.345	191.133	205.329	278.214	233.751	105.857	129.123	153.939	225.638	282.048	89.838	221.738	33.608	163.773	164.946	218.933	117.062	220.795	129.536	188.012	74.399	44.161
263.164	168.672	293.424	162.722	90.863	188.459	214.287	236.395	78.945	53.312	249.053	188.185	76.235	326.842	267.006	227.758	168.078	234.616	130.359	341.288	219.882	234.795	71.822	0	266.51	357.328	170.413	158.164	225.514	136.94	123.693	205.525	238.796	203.41	184.014	191.155	207.485	181.824	237.699	328.594	229.189	300.883	331.105	141.251	41.195	95.241	166.401	136.473	94.411	245.424	220.479	119.204	197.787	150.228	284.868	240.405	154.62	177.886	106.805	294.119	221.501	50.996	228.392	84.816	212.536	233.427	225.587	165.825	289.276	198.017	256.493	94.953	112.642
436.762	139.63	467.022	336.32	176.438	362.057	387.885	160.689	246.822	223.912	144.137	129.508	250.151	500.44	42.987	401.356	249.797	55.717	262.998	377.202	218.069	232.982	259.856	266.51	0	531.488	105.42	126.254	399.674	205.739	217.908	126.4	236.04	87.974	132.989	188.399	287.053	190.541	411.859	502.754	83.641	475.043	505.265	255.421	245.675	171.816	84.118	128.38	200.308	419.584	394.639	180.229	76.076	102.151	19.586	237.649	321.883	288.428	162.995	363.102	84.202	224.288	101.173	293.983	292.104	407.587	119.426	305.817	463.436	372.177	430.653	334.447	286.802
154.238	433.666	94.52	197.975	374.358	187.583	249.429	486.747	436.669	411.036	514.047	547.51	298.042	39.586	598.144	232.708	266.718	499.61	256.655	138.863	313.932	362.957	288.847	357.328	531.488	0	434.087	526.468	138.25	357.866	346.763	469.199	439.788	467.084	447.688	366.714	280.852	333.395	124.281	65.732	492.863	68.259	24.159	261.827	316.272	404.773	488.805	400.147	451.319	113.624	138.281	445.673	461.461	475.657	548.542	335.296	195.812	246.344	424.267	184.641	552.376	360.166	492.066	261.701	350.174	162.973	489.261	220.926	103.709	163.032	153.197	260.701	270.623
340.665	43.533	370.925	240.223	80.341	265.96	291.788	92.417	200.833	183.009	114.471	157.377	154.054	404.343	147.705	305.259	153.7	70.124	166.901	281.105	119.549	134.462	163.759	170.413	105.42	434.087	0	138.599	303.322	109.387	121.556	70.288	136.927	39.097	48.477	89.286	190.701	94.189	315.507	406.402	64.876	378.691	408.913	159.069	149.323	129.036	100.936	30.907	167.451	323.232	298.287	83.877	36.571	87.788	123.652	138.536	225.531	192.076	134.26	266.75	164.507	127.936	93.155	197.631	195.752	311.235	90.35	209.465	367.084	275.825	334.301	238.095	190.45
433.046	98.861	463.306	332.604	172.722	358.341	384.169	220.783	131.663	108.753	243.32	31.539	246.435	496.724	139.442	397.64	246.081	144.052	259.282	373.486	225.805	240.718	256.14	158.164	126.254	526.468	138.599	0	397.376	203.441	215.61	198.456	245.215	172.054	176.945	197.574	284.755	188.243	409.561	500.456	144.888	472.745	502.967	253.123	167.925	77.744	44.771	130.92	89.609	417.286	392.341	78.136	104.887	56.506	153.984	246.824	319.585	286.13	52.296	360.804	95.213	122.358	221.323	291.685	289.806	405.289	218.518	303.519	461.138	369.879	428.355	332.149	284.504
66.357	301.852	99.504	66.161	242.544	68.599	117.615	369.575	304.855	279.222	382.233	415.696	166.228	108.506	466.33	64.015	193.199	367.796	189.984	158.367	240.413	367.975	157.033	225.514	399.674	138.25	303.322	397.376	0	226.466	215.363	337.799	371.07	335.684	316.288	323.429	205.364	248.15	47.919	109.226	361.463	81.515	111.737	186.339	184.872	273.373	357.405	268.747	319.919	22.978	48.48	314.273	330.061	344.257	417.142	372.679	120.324	170.856	292.867	109.153	420.976	228.766	360.666	130.301	238.976	43.823	357.861	145.438	66.83	34.333	34.047	129.301	139.223
264.444	107.917	228.321	164.002	61.347	189.739	215.567	103.409	197.326	171.693	169.476	221.761	60.6	328.122	272.395	229.038	61.397	166.984	54.359	188.802	58.134	101.809	87.272	136.94	205.739	357.866	109.387	203.441	226.466	0	14.53	124.418	105.241	135.411	102.907	57.6	97.918	24.281	199.57	297.011	152.723	269.3	299.522	66.286	98.102	170.971	162.794	73.038	209.386	245.955	221.01	125.812	135.45	149.646	222.531	80.768	132.748	99.293	176.195	173.967	226.365	115.204	147.285	120.354	102.969	233.958	144.48	116.682	289.807	198.548	257.024	160.446	91.328
253.341	120.086	202.038	152.899	62.479	178.636	204.464	115.578	176.862	151.229	181.645	233.93	49.497	317.019	284.564	217.935	67.473	179.153	43.256	194.878	70.303	113.978	76.169	123.693	217.908	346.763	121.556	215.61	215.363	14.53	0	136.469	117.292	138.006	114.958	69.651	104.04	36.332	173.865	318.015	164.774	290.304	320.526	48.69	83.251	161.754	159.727	85.089	200.169	234.845	209.9	116.595	132.383	146.579	219.464	97.368	107.043	105.415	166.978	166.779	223.298	90.901	159.336	109.244	109.091	222.848	156.531	94.715	278.697	187.438	245.914	149.336	80.218
375.777	102.932	406.037	275.335	115.453	301.072	326.9	42.377	243.754	218.121	43.295	216.776	189.166	439.455	168.685	340.371	170.042	65.833	183.243	297.447	109.885	120.927	198.871	205.525	126.4	469.199	70.288	198.456	337.799	124.418	136.469	0	94.917	42.88	51.73	74.42	206.852	110.34	350.48	441.375	45.12	413.664	443.886	175.22	184.296	177.687	161.719	70.108	216.102	358.205	333.26	132.528	91.281	148.571	137.904	124.378	241.682	208.227	182.911	282.901	225.29	162.909	41.206	232.604	211.903	346.208	38.401	225.616	402.057	310.798	369.274	273.068	225.423
409.048	149.691	267.342	308.606	148.724	334.343	360.171	55.348	277.025	251.392	70.915	263.535	163.244	336.155	278.325	373.642	101.332	204.357	134.594	227.823	50.575	22.322	232.142	238.796	236.04	439.788	136.927	245.215	371.07	105.241	117.292	94.917	0	173.318	91.096	52.718	133.592	79.815	239.027	336.468	190.63	308.757	338.979	123.062	216.221	213.477	205.3	110.252	251.892	267.057	365.185	168.318	166.504	192.152	253.585	48.199	172.205	136.304	218.701	210.978	268.871	194.834	118.03	264.529	102.266	378.133	95.92	153.693	433.982	342.723	401.199	304.993	193.021
373.662	76.53	403.922	273.22	113.338	298.957	324.785	84.023	233.83	216.006	82.384	190.374	187.051	437.34	130.259	338.256	181.035	34.197	194.236	308.44	156.16	171.073	196.756	203.41	87.974	467.084	39.097	172.054	335.684	135.411	138.006	42.88	173.318	0	62.08	125.613	217.195	120.683	348.878	439.773	26.264	412.062	442.284	185.563	182.694	162.407	134.307	63.84	200.822	356.603	331.658	117.248	35.745	121.159	106.396	174.863	252.025	218.57	167.631	293.244	197.878	161.307	38.505	231.002	222.246	344.606	58.009	235.959	400.455	309.196	367.672	271.466	223.821
354.266	81.421	384.526	253.824	93.942	279.561	305.389	47.682	222.243	196.61	95.668	195.265	167.655	417.944	175.274	318.86	148.531	93.183	161.732	275.936	73.938	88.851	177.36	184.014	132.989	447.688	48.477	176.945	316.288	102.907	114.958	51.73	91.096	62.08	0	43.686	184.387	57.314	328.015	418.91	79.897	391.199	421.421	152.755	161.831	155.222	138.786	47.643	193.637	335.74	310.795	110.063	68.831	125.638	151.702	92.936	219.217	185.762	160.446	260.436	202.357	140.444	74.459	210.139	125.89	323.743	71.654	203.151	379.592	288.333	346.809	250.603	202.958
361.407	102.05	250.494	260.965	101.083	286.702	312.53	46.888	229.384	203.751	83.382	215.894	115.603	336.97	230.684	326.001	84.484	156.716	116.867	210.975	35.288	50.473	184.501	191.155	188.399	366.714	89.286	197.574	323.429	57.6	69.651	74.42	52.718	125.613	43.686	0	118.156	33.618	241.349	338.79	144.433	311.079	341.301	108.065	170.024	167.28	159.103	64.055	205.695	343.933	318.988	122.121	120.307	145.955	207.388	54.177	174.527	120.868	172.504	195.542	222.674	148.637	138.995	218.332	86.83	331.936	85.136	138.257	387.785	296.526	355.002	258.796	146.824
253.223	189.231	170.093	158.041	188.264	140.451	219.931	164.366	316.565	290.932	250.79	303.075	132.395	251.108	353.709	233.402	44.846	248.298	78.108	108.688	82.322	131.347	158.722	207.485	287.053	280.852	190.701	284.755	205.364	97.918	104.04	206.852	133.592	217.195	184.387	118.156	0	105.823	155.174	189.804	233.823	224.904	255.126	67.801	171.215	252.071	243.894	154.138	290.486	183.204	172.446	206.912	216.55	230.746	303.631	102.814	91.548	35.79	257.295	114.997	307.465	233.428	228.385	183.81	37.221	232.553	225.58	60.036	242.004	197.197	222.777	226.492	132.595
286.128	92.719	237.271	185.686	91.752	211.423	237.251	79.17	220.053	194.42	115.664	206.563	82.284	303.651	257.197	250.722	70.347	151.786	83.548	197.752	45.287	77.57	108.956	181.824	190.541	333.395	94.189	188.243	248.15	24.281	36.332	110.34	79.815	120.683	57.314	33.618	105.823	0	207.463	304.904	145.717	277.193	307.415	74.179	119.799	163.965	155.788	66.032	202.38	235.493	242.62	118.806	128.444	142.64	215.525	82.426	140.641	107.186	169.189	181.86	219.359	145.322	140.279	141.964	110.862	255.568	137.474	124.575	294.293	220.158	278.634	182.056	112.938
95.778	314.037	55.041	78.346	254.729	67.954	129.8	286.901	317.04	291.407	394.418	427.881	178.413	94.537	478.515	113.079	140.543	379.981	130.48	105.711	187.757	236.782	169.218	237.699	411.859	124.281	315.507	409.561	47.919	199.57	173.865	350.48	239.027	348.878	328.015	241.349	155.174	207.463	0	92.191	374.689	64.48	94.702	136.319	198.098	286.599	370.631	281.973	333.145	24.546	20.107	327.499	343.287	357.483	430.368	209.788	70.304	120.836	306.093	59.133	434.202	241.992	373.892	143.527	188.956	73.895	371.087	95.418	81.58	44.858	64.119	142.527	152.449
131.3	404.932	37.556	169.241	345.624	158.849	220.695	384.342	407.935	382.302	485.313	518.776	269.308	53.929	569.41	203.974	237.984	470.876	227.921	81.899	285.198	334.223	260.113	328.594	502.754	65.732	406.402	500.456	109.226	297.011	318.015	441.375	336.468	439.773	418.91	338.79	189.804	304.904	92.191	0	465.454	45.863	33.124	234.418	288.863	377.364	461.396	372.738	423.91	86.215	110.872	418.264	434.052	448.248	521.133	307.887	168.403	173.546	396.858	94.955	524.967	332.757	464.657	234.292	287.055	135.564	461.852	193.517	81.313	135.623	125.788	233.292	243.214
399.441	102.309	429.701	298.999	139.117	324.736	350.564	86.263	259.609	241.785	69.711	154.931	212.83	463.119	125.926	364.035	198.347	24.276	211.548	325.752	173.472	188.385	222.535	229.189	83.641	492.863	64.876	144.888	361.463	152.723	164.774	45.12	190.63	26.264	79.897	144.433	233.823	145.717	374.689	465.454	0	436.808	467.03	203.632	207.44	187.153	102.354	98.52	225.568	381.349	356.404	141.994	57.906	145.905	102.252	192.932	270.094	236.639	192.377	311.313	166.868	186.053	26.882	255.748	240.315	369.352	45.135	254.028	425.201	333.942	392.418	296.212	248.567
86.458	377.221	82.144	141.53	317.913	131.138	192.984	356.631	380.224	354.591	457.602	491.065	241.597	30.203	541.699	176.263	210.273	443.165	200.21	126.487	257.487	306.512	232.402	300.883	475.043	68.259	378.691	472.745	81.515	269.3	290.304	413.664	308.757	412.062	391.199	311.079	224.904	277.193	64.48	45.863	436.808	0	48.743	205.405	259.85	348.351	432.383	343.725	394.897	57.202	81.859	389.251	405.039	419.235	492.12	278.874	139.39	189.922	367.845	128.219	495.954	303.744	435.644	205.279	258.042	106.551	432.839	164.504	36.389	106.61	68.613	204.279	214.201
134.353	407.443	70.287	171.752	348.135	161.36	223.206	386.853	410.446	384.813	487.824	521.287	271.819	22.987	571.921	206.485	240.495	473.387	230.432	114.63	287.709	336.734	262.624	331.105	505.265	24.159	408.913	502.967	111.737	299.522	320.526	443.886	338.979	442.284	421.421	341.301	255.126	307.415	94.702	33.124	467.03	48.743	0	236.497	290.942	379.443	463.475	374.817	425.989	88.294	112.951	420.343	436.131	450.327	523.212	309.966	170.482	221.014	398.937	159.311	527.046	334.836	466.736	236.371	289.134	137.643	463.931	195.596	83.74	137.702	127.867	235.371	245.293
234.198	157.599	164.456	138.849	156.632	120.334	190.414	153.617	220.592	194.959	219.158	271.443	66.161	232.083	322.077	203.885	24.35	216.666	11.874	135.365	71.792	120.817	92.488	141.251	255.421	261.827	159.069	253.123	186.339	66.286	48.69	175.22	123.062	185.563	152.755	108.065	67.801	74.179	136.319	234.418	203.632	205.405	236.497	0	104.566	220.453	212.276	122.52	258.868	164.447	153.689	175.294	184.932	199.128	272.013	94.648	69.595	45.346	225.677	129.331	275.847	201.81	196.767	117.161	73.816	213.796	193.962	55.311	223.247	178.44	204.02	169.274	65.946
222.85	147.853	253.11	122.408	88.545	148.145	173.973	215.576	123.498	97.865	228.234	261.697	35.921	286.528	312.331	187.444	127.764	213.797	90.045	300.974	199.063	213.976	31.508	41.195	245.675	316.272	149.323	167.925	184.872	98.102	83.251	184.296	216.221	182.694	161.831	170.024	171.215	119.799	198.098	288.863	207.44	259.85	290.942	104.566	0	92.48	203.204	114.546	139.026	205.246	180.301	160.072	175.86	190.056	262.941	218.478	114.442	137.708	111.974	253.941	266.775	47.873	206.465	79.645	172.358	193.249	203.66	125.647	249.098	157.839	216.315	103.363	72.464
311.351	97.793	341.611	210.909	89.929	236.646	262.474	212.832	74.987	52.077	221.625	107.376	124.422	375.029	189.979	275.945	216.595	193.51	229.796	344	196.319	211.232	134.445	95.241	171.816	404.773	129.036	77.744	273.373	170.971	161.754	177.687	213.477	162.407	155.222	167.28	252.071	163.965	286.599	377.364	187.153	348.351	379.443	220.453	92.48	0	88.939	107.251	40.377	293.199	268.254	51.644	156.32	94.459	202.81	216.564	202.395	255.87	20.914	341.894	144.039	46.365	200.257	167.598	259.546	281.202	197.452	273.259	337.051	245.792	304.268	187.859	160.417
395.383	61.198	425.643	294.941	135.059	320.678	346.506	183.12	160.826	137.916	205.657	54.448	208.772	459.061	105.447	359.977	208.418	101.916	221.619	335.823	188.142	203.055	218.477	166.401	84.118	488.805	100.936	44.771	357.405	162.794	159.727	161.719	205.3	134.307	138.786	159.103	243.894	155.788	370.631	461.396	102.354	432.383	463.475	212.276	203.204	88.939	0	91.947	116.121	378.313	353.368	63.275	62.508	17.533	87.054	207.851	280.612	247.157	78.808	321.831	61.808	116.8	182.35	252.712	250.833	366.316	179.545	264.546	422.165	330.906	389.382	293.176	245.531
306.725	35.396	336.985	206.283	46.401	232.02	257.848	91.977	174.702	149.069	114.046	149.24	120.114	370.403	170.665	271.319	118.662	94.943	131.863	246.067	93.094	108.007	129.819	136.473	128.38	400.147	30.907	130.92	268.747	73.038	85.089	70.108	110.252	63.84	47.643	64.055	154.138	66.032	281.973	372.738	98.52	343.725	374.817	122.52	114.546	107.251	91.947	0	145.08	289.573	264.628	61.506	61.236	81.148	148.317	113.039	190.816	157.361	111.889	232.035	157.867	94.277	92.5	163.972	161.037	277.576	89.695	174.75	333.425	242.166	300.642	204.436	156.791
357.897	136.208	388.157	257.455	145.946	283.192	309.02	251.247	38.272	45	260.04	119.241	170.968	421.575	218.471	322.491	255.01	231.925	225.092	436.021	234.734	249.647	180.991	94.411	200.308	451.319	167.451	89.609	319.919	209.386	200.169	216.102	251.892	200.822	193.637	205.695	290.486	202.38	333.145	423.91	225.568	394.897	425.989	258.868	139.026	40.377	116.121	145.08	0	337.727	312.782	89.144	193.82	122.538	230.889	254.064	246.923	293.37	37.807	386.422	172.118	80.484	237.757	181.809	297.046	325.73	234.952	258.128	381.579	290.32	348.796	187.376	204.945
70.837	321.762	74.878	86.071	262.454	88.509	137.525	389.485	324.765	299.132	402.143	435.606	186.138	83.88	486.24	93.193	168.573	387.706	158.51	133.741	215.787	264.812	176.943	245.424	419.584	113.624	323.232	417.286	22.978	245.955	234.845	358.205	267.057	356.603	335.74	343.933	183.204	235.493	24.546	86.215	381.349	57.202	88.294	164.447	205.246	293.199	378.313	289.573	337.727	0	27.615	334.217	350.005	364.201	437.086	237.187	97.703	148.235	312.811	86.532	440.92	248.71	380.61	150.245	216.355	49.594	377.805	122.817	53.568	54.277	39.818	149.245	159.167
109.91	296.817	75.119	61.126	237.509	48.767	112.58	364.54	299.82	274.187	377.198	410.661	161.193	108.537	461.295	95.859	157.815	362.761	147.752	122.983	205.029	362.94	151.998	220.479	394.639	138.281	298.287	392.341	48.48	221.01	209.9	333.26	365.185	331.658	310.795	318.988	172.446	242.62	20.107	110.872	356.404	81.859	112.951	153.689	180.301	268.254	353.368	264.628	312.782	27.615	0	309.686	325.474	339.67	412.555	227.292	87.808	138.34	288.28	76.637	416.389	224.179	356.079	125.714	206.46	89.963	353.274	112.922	100.501	27.045	80.187	124.714	134.636
352.251	42.309	382.511	251.809	63.63	277.546	303.374	167.673	123.531	100.621	176.466	114.991	165.64	415.929	165.625	316.845	171.436	148.351	184.637	298.841	151.16	166.073	175.345	119.204	180.229	445.673	83.877	78.136	314.273	125.812	116.595	132.528	168.318	117.248	110.063	122.121	206.912	118.806	327.499	418.264	141.994	389.251	420.343	175.294	160.072	51.644	63.275	61.506	89.144	334.217	309.686	0	110.145	57.576	178.459	170.389	243.15	209.695	57.278	284.369	119.688	71.368	154.082	208.928	213.371	322.532	151.277	227.084	378.381	287.122	345.598	249.392	201.747
368.039	70.907	398.299	267.597	107.715	293.334	319.162	113.165	228.207	210.383	116.598	114.93	181.428	431.717	118.361	332.633	181.074	57.468	194.275	308.479	149.346	164.259	191.133	197.787	76.076	461.461	36.571	104.887	330.061	135.45	132.383	91.281	166.504	35.745	68.831	120.307	216.55	128.444	343.287	434.052	57.906	405.039	436.131	184.932	175.86	156.32	62.508	61.236	193.82	350.005	325.474	110.145	0	54.991	94.118	169.723	253.957	220.502	162.686	295.176	122.529	156.362	72.518	226.057	224.178	339.661	92.022	237.891	395.51	304.251	362.727	266.521	218.876
382.235	48.05	412.495	281.793	121.911	307.53	333.358	169.972	166.346	143.436	192.509	74.826	195.624	445.913	125.46	346.829	195.27	152.262	208.471	322.675	174.994	189.907	205.329	150.228	102.151	475.657	87.788	56.506	344.257	149.646	146.579	148.571	192.152	121.159	125.638	145.955	230.746	142.64	357.483	448.248	145.905	419.235	450.327	199.128	190.056	94.459	17.533	81.148	122.538	364.201	339.67	57.576	54.991	0	140.385	195.84	268.601	235.146	85.182	309.82	81.614	101.201	170.339	240.701	238.822	354.305	167.534	252.535	410.154	318.895	377.371	281.165	233.52
455.12	157.988	485.38	354.678	194.796	380.415	406.243	179.047	274.697	251.787	162.495	112.956	268.509	518.798	26.435	419.714	268.155	74.075	281.356	395.56	236.427	251.34	278.214	284.868	19.586	548.542	123.652	153.984	417.142	222.531	219.464	137.904	253.585	106.396	151.702	207.388	303.631	215.525	430.368	521.133	102.252	492.12	523.212	272.013	262.941	202.81	87.054	148.317	230.889	437.086	412.555	178.459	94.118	140.385	0	258.003	342.237	308.782	197.606	383.456	70.212	244.642	121.527	314.337	312.458	427.941	139.78	326.171	483.79	392.531	451.007	354.801	307.156
410.657	151.3	236.739	310.215	150.333	193.803	361.78	79.766	278.634	253.001	116.325	265.144	143.32	305.552	279.934	375.251	70.729	205.966	103.991	197.22	27.169	25.56	233.751	240.405	237.649	335.296	138.536	246.824	372.679	80.768	97.368	124.378	48.199	174.863	92.936	54.177	102.814	82.426	209.788	307.887	192.932	278.874	309.966	94.648	218.478	216.564	207.851	113.039	254.064	237.187	227.292	170.389	169.723	195.84	258.003	0	143.131	107.23	220.991	181.904	271.161	197.124	187.482	266.819	56.964	380.423	184.677	124.619	296.783	345.013	277.556	307.283	158.782
168.183	224.061	98.441	67.675	171.759	50.085	129.565	220.079	233.961	208.328	285.62	337.905	79.53	166.068	388.539	143.036	73.721	283.128	63.658	109.647	120.935	169.96	105.857	154.62	321.883	195.812	225.531	319.585	120.324	132.748	107.043	241.682	172.205	252.025	219.217	174.527	91.548	140.641	70.304	168.403	270.094	139.39	170.482	69.595	114.442	202.395	280.612	190.816	246.923	97.703	87.808	243.15	253.957	268.601	342.237	143.131	0	57.448	222.772	63.55	343.078	158.671	263.998	97.855	122.505	148.015	261.193	32.03	157.466	112.659	138.239	136.661	54.809
218.715	190.606	135.585	123.533	189.639	105.943	185.423	167.078	317.94	292.307	252.165	304.45	102.796	216.6	355.084	198.894	39.103	249.673	53.515	96.066	85.034	134.059	129.123	177.886	288.428	246.344	192.076	286.13	170.856	99.293	105.415	208.227	136.304	218.57	185.762	120.868	35.79	107.186	120.836	173.546	236.639	189.922	221.014	45.346	137.708	255.87	247.157	157.361	293.37	148.235	138.34	209.695	220.502	235.146	308.782	107.23	57.448	0	259.896	81.254	310.066	236.029	230.986	151.882	67.414	198.81	228.181	26.293	208.261	163.454	189.034	192.749	100.667
330.845	103.017	361.105	230.403	114.366	256.14	281.968	218.056	80.304	57.394	226.849	81.928	143.916	394.523	181.158	295.439	221.819	198.734	235.02	349.224	201.543	216.456	153.939	106.805	162.995	424.267	134.26	52.296	292.867	176.195	166.978	182.911	218.701	167.631	160.446	172.504	257.295	169.189	306.093	396.858	192.377	367.845	398.937	225.677	111.974	20.914	78.808	111.889	37.807	312.811	288.28	57.278	162.686	85.182	197.606	220.991	222.772	259.896	0	365.815	134.71	70.286	204.936	191.519	264.225	305.123	202.131	277.938	360.972	269.713	328.189	199.699	184.338
157.012	265.28	56.994	134.766	311.149	97.893	186.22	241.752	373.46	347.827	326.839	379.124	142.299	154.897	429.758	169.499	113.777	324.347	123.394	48.514	159.708	208.733	225.638	294.119	363.102	184.641	266.75	360.804	109.153	173.967	166.779	282.901	210.978	293.244	260.436	195.542	114.997	181.86	59.133	94.955	311.313	128.219	159.311	129.331	253.941	341.894	321.831	232.035	386.422	86.532	76.637	284.369	295.176	309.82	383.456	181.904	63.55	81.254	365.815	0	383.813	298.248	304.733	199.783	147.624	136.47	301.928	59.55	145.921	101.114	126.694	198.783	116.968
458.954	124.769	489.214	358.512	198.63	384.249	410.077	246.691	215.926	193.016	269.228	54.166	272.343	522.632	53.764	423.548	271.989	138.691	285.19	399.394	251.713	266.626	282.048	221.501	84.202	552.376	164.507	95.213	420.976	226.365	223.298	225.29	268.871	197.878	202.357	222.674	307.465	219.359	434.202	524.967	166.868	495.954	527.046	275.847	266.775	144.039	61.808	157.867	172.118	440.92	416.389	119.688	122.529	81.614	70.212	271.161	343.078	310.066	134.71	383.813	0	174.697	185.032	316.186	314.307	429.79	243.019	328.02	485.639	394.38	452.856	356.65	309.005
266.744	126.466	297.004	166.302	48.657	192.039	217.867	194.189	89.225	63.592	206.847	151.99	79.815	330.422	219.15	231.338	197.952	192.41	133.939	344.868	177.676	192.589	89.838	50.996	224.288	360.166	127.936	122.358	228.766	115.204	90.901	162.909	194.834	161.307	140.444	148.637	233.428	145.322	241.992	332.757	186.053	303.744	334.836	201.81	47.873	46.365	116.8	94.277	80.484	248.71	224.179	71.368	156.362	101.201	244.642	197.124	158.671	236.029	70.286	298.248	174.697	0	185.098	123.266	240.093	236.87	182.293	169.268	292.719	201.46	259.936	143.785	116.085
398.644	125.799	428.904	298.202	138.32	323.939	349.767	82.349	266.621	240.988	47.946	239.643	212.033	462.322	143.458	363.238	192.909	48.196	206.11	320.314	168.034	182.947	221.738	228.392	101.173	492.066	93.155	221.323	360.666	147.285	159.336	41.206	118.03	38.505	74.459	138.995	228.385	140.279	373.892	464.657	26.882	435.644	466.736	196.767	206.465	200.257	182.35	92.5	237.757	380.61	356.079	154.082	72.518	170.339	121.527	187.482	263.998	230.986	204.936	304.733	185.032	185.098	0	254.64	233.939	368.244	22.562	247.652	424.093	332.834	391.31	295.104	247.459
168.279	196.161	198.539	67.837	136.853	93.574	119.402	263.884	168.847	143.214	276.542	310.005	60.537	231.957	360.639	132.873	140.359	262.105	102.64	246.403	176.127	262.284	33.608	84.816	293.983	261.701	197.631	291.685	130.301	120.354	109.244	232.604	264.529	231.002	210.139	218.332	183.81	141.964	143.527	234.292	255.748	205.279	236.371	117.161	79.645	167.598	252.712	163.972	181.809	150.245	125.714	208.928	226.057	240.701	314.337	266.819	97.855	151.882	191.519	199.783	316.186	123.266	254.64	0	185.824	138.08	268.818	118.294	193.929	102.67	161.146	53.261	52.449
286.835	194.282	202.724	190.561	193.315	172.971	261.699	133.04	321.616	295.983	170.392	308.126	137.446	284.72	358.76	275.17	49.897	253.349	83.159	143.887	50.996	100.021	163.773	212.536	292.104	350.174	195.752	289.806	238.976	102.969	109.091	211.903	102.266	222.246	125.89	86.83	37.221	110.862	188.956	287.055	240.315	258.042	289.134	73.816	172.358	259.546	250.833	161.037	297.046	216.355	206.46	213.371	224.178	238.822	312.458	56.964	122.505	67.414	264.225	147.624	314.307	240.093	233.939	185.824	0	266.262	230.72	92.704	275.713	230.906	256.486	241.063	137.735
33.206	309.765	124.227	74.074	250.457	101.641	64.261	377.488	312.768	287.135	390.146	423.609	174.141	133.229	474.243	43.231	217.922	375.709	197.897	183.09	265.136	375.888	164.946	233.427	407.587	162.973	311.235	405.289	43.823	233.958	222.848	346.208	378.133	344.606	323.743	331.936	232.553	255.568	73.895	135.564	369.352	106.551	137.643	213.796	193.249	281.202	366.316	277.576	325.73	49.594	89.963	322.532	339.661	354.305	427.941	380.423	148.015	198.81	305.123	136.47	429.79	236.87	368.244	138.08	266.262	0	365.913	172.34	60.815	51.703	28.032	137.353	147.275
395.839	122.994	426.099	295.397	135.515	321.134	346.962	53.242	263.816	238.183	25.836	236.838	209.228	459.517	161.711	360.433	190.104	66.449	203.305	317.509	165.229	114.912	218.933	225.587	119.426	489.261	90.35	218.518	357.861	144.48	156.531	38.401	95.92	58.009	71.654	85.136	225.58	137.474	371.087	461.852	45.135	432.839	463.931	193.962	203.66	197.452	179.545	89.695	234.952	377.805	353.274	151.277	92.022	167.534	139.78	184.677	261.193	228.181	202.131	301.928	243.019	182.293	22.562	268.818	230.72	365.913	0	244.116	420.557	329.298	387.774	291.568	243.923
193.297	207.995	114.65	98.115	207.028	80.525	160.005	184.467	245.166	219.533	269.554	321.839	90.735	191.182	372.473	173.476	56.492	267.062	51.33	95.277	102.423	151.448	117.062	165.825	305.817	220.926	209.465	303.519	145.438	116.682	94.715	225.616	153.693	235.959	203.151	138.257	60.036	124.575	95.418	193.517	254.028	164.504	195.596	55.311	125.647	273.259	264.546	174.75	258.128	122.817	112.922	227.084	237.891	252.535	326.171	124.619	32.03	26.293	277.938	59.55	328.02	169.268	247.652	118.294	92.704	172.34	244.116	0	181.872	137.065	162.645	166.36	74.777
52.125	365.614	117.594	129.923	306.306	132.361	181.377	433.337	368.617	342.984	445.995	479.458	229.99	65.653	530.092	106.902	227.373	431.558	217.31	192.541	274.587	431.737	220.795	289.276	463.436	103.709	367.084	461.138	66.83	289.807	278.697	402.057	433.982	400.455	379.592	387.785	242.004	294.293	81.58	81.313	425.201	36.389	83.74	223.247	249.098	337.051	422.165	333.425	381.579	53.568	100.501	378.381	395.51	410.154	483.79	296.783	157.466	208.261	360.972	145.921	485.639	292.719	424.093	193.929	275.713	60.815	420.557	181.872	0	98.142	34.219	193.11	203.032
81.629	274.355	99.87	38.664	215.047	35.753	90.118	342.078	277.358	251.725	354.736	388.199	138.731	133.288	438.833	73.397	182.566	340.299	162.487	147.734	254.321	340.478	129.536	198.017	372.177	163.032	275.825	369.879	34.333	198.548	187.438	310.798	342.723	309.196	288.333	296.526	197.197	220.158	44.858	135.623	333.942	106.61	137.702	178.44	157.839	245.792	330.906	242.166	290.32	54.277	27.045	287.122	304.251	318.895	392.531	345.013	112.659	163.454	269.713	101.114	394.38	201.46	332.834	102.67	230.906	51.703	329.298	137.065	98.142	0	64.489	102.059	111.981
37.937	332.831	114.451	97.14	273.523	99.578	148.594	400.554	335.834	310.201	413.212	446.675	197.207	97.877	497.309	71.345	208.146	398.775	198.083	173.314	255.36	398.954	188.012	256.493	430.653	153.197	334.301	428.355	34.047	257.024	245.914	369.274	401.199	367.672	346.809	355.002	222.777	278.634	64.119	125.788	392.418	68.613	127.867	204.02	216.315	304.268	389.382	300.642	348.796	39.818	80.187	345.598	362.727	377.371	451.007	277.556	138.239	189.034	328.189	126.694	452.856	259.936	391.31	161.146	256.486	28.032	387.774	162.645	34.219	64.489	0	160.371	170.293
