NAME: czech33
TYPE: TSP
COMMENT: 33 cities of the Czech Republic
DIMENSION: 33
EDGE_WEIGHT_TYPE: EXPLICIT
EDGE_WEIGHT_FORMAT: FULL_MATRIX
EDGE_WEIGHT_SECTION
0	404.033	236.497	290.942	379.443	463.475	374.817	425.989	88.294	112.951	420.343	436.131	450.327	523.212	309.966	170.482	221.014	398.937	159.311	527.046	334.836	466.736	236.371	289.134	137.643	463.931	195.596	83.74	137.702	127.867	235.371	245.293	131.772
404.033	0	157.599	147.853	97.793	61.198	35.396	136.208	321.762	296.817	42.309	70.907	48.05	157.988	151.3	224.061	190.606	103.017	265.28	124.769	126.466	125.799	196.161	194.282	309.765	122.994	207.995	365.614	274.355	332.831	236.625	188.98	339.972
236.497	157.599	0	104.566	220.453	212.276	122.52	258.868	164.447	153.689	175.294	184.932	199.128	272.013	94.648	69.595	45.346	225.677	129.331	275.847	201.81	196.767	117.161	73.816	213.796	193.962	55.311	223.247	178.44	204.02	169.274	65.946	234.486
290.942	147.853	104.566	0	92.48	203.204	114.546	139.026	205.246	180.301	160.072	175.86	190.056	262.941	218.478	114.442	137.708	111.974	253.941	266.775	47.873	206.465	79.645	172.358	193.249	203.66	125.647	249.098	157.839	216.315	103.363	72.464	223.456
379.443	97.793	220.453	92.48	0	88.939	107.251	40.377	293.199	268.254	51.644	156.32	94.459	202.81	216.564	202.395	255.87	20.914	341.894	144.039	46.365	200.257	167.598	259.546	281.202	197.452	273.259	337.051	245.792	304.268	187.859	160.417	311.409
463.475	61.198	212.276	203.204	88.939	0	91.947	116.121	378.313	353.368	63.275	62.508	17.533	87.054	207.851	280.612	247.157	78.808	321.831	61.808	116.8	182.35	252.712	250.833	366.316	179.545	264.546	422.165	330.906	389.382	293.176	245.531	396.523
374.817	35.396	122.52	114.546	107.251	91.947	0	145.08	289.573	264.628	61.506	61.236	81.148	148.317	113.039	190.816	157.361	111.889	232.035	157.867	94.277	92.5	163.972	161.037	277.576	89.695	174.75	333.425	242.166	300.642	204.436	156.791	307.783
425.989	136.208	258.868	139.026	40.377	116.121	145.08	0	337.727	312.782	89.144	193.82	122.538	230.889	254.064	246.923	293.37	37.807	386.422	172.118	80.484	237.757	181.809	297.046	325.73	234.952	258.128	381.579	290.32	348.796	187.376	204.945	355.937
88.294	321.762	164.447	205.246	293.199	378.313	289.573	337.727	0	27.615	334.217	350.005	364.201	437.086	237.187	97.703	148.235	312.811	86.532	440.92	248.71	380.61	150.245	216.355	49.594	377.805	122.817	53.568	54.277	39.818	149.245	159.167	70.284
112.951	296.817	153.689	180.301	268.254	353.368	264.628	312.782	27.615	0	309.686	325.474	339.67	412.555	227.292	87.808	138.34	288.28	76.637	416.389	224.179	356.079	125.714	206.46	89.963	353.274	112.922	100.501	27.045	80.187	124.714	134.636	110.653
420.343	42.309	175.294	160.072	51.644	63.275	61.506	89.144	334.217	309.686	0	110.145	57.576	178.459	170.389	243.15	209.695	57.278	284.369	119.688	71.368	154.082	208.928	213.371	322.532	151.277	227.084	378.381	287.122	345.598	249.392	201.747	352.739
436.131	70.907	184.932	175.86	156.32	62.508	61.236	193.82	350.005	325.474	110.145	0	54.991	94.118	169.723	253.957	220.502	162.686	295.176	122.529	156.362	72.518	226.057	224.178	339.661	92.022	237.891	395.51	304.251	362.727	266.521	218.876	369.868
450.327	48.05	199.128	190.056	94.459	17.533	81.148	122.538	364.201	339.67	57.576	54.991	0	140.385	195.84	268.601	235.146	85.182	309.82	81.614	101.201	170.339	240.701	238.822	354.305	167.534	252.535	410.154	318.895	377.371	281.165	233.52	384.512
523.212	157.988	272.013	262.941	202.81	87.054	148.317	230.889	437.086	412.555	178.459	94.118	140.385	0	258.003	342.237	308.782	197.606	383.456	70.212	244.642	121.527	314.337	312.458	427.941	139.78	326.171	483.79	392.531	451.007	354.801	307.156	458.148
309.966	151.3	94.648	218.478	216.564	207.851	113.039	254.064	237.187	227.292	170.389	169.723	195.84	258.003	0	143.131	107.23	220.991	181.904	271.161	197.124	187.482	266.819	56.964	380.423	184.677	124.619	296.783	345.013	277.556	307.283	158.782	410.63
170.482	224.061	69.595	114.442	202.395	280.612	190.816	246.923	97.703	87.808	243.15	253.957	268.601	342.237	143.131	0	57.448	222.772	63.55	343.078	158.671	263.998	97.855	122.505	148.015	261.193	32.03	157.466	112.659	138.239	136.661	54.809	168.705
221.014	190.606	45.346	137.708	255.87	247.157	157.361	293.37	148.235	138.34	209.695	220.502	235.146	308.782	107.23	57.448	0	259.896	81.254	310.066	236.029	230.986	151.882	67.414	198.81	228.181	26.293	208.261	163.454	189.034	192.749	100.667	219.5
398.937	103.017	225.677	111.974	20.914	78.808	111.889	37.807	312.811	288.28	57.278	162.686	85.182	197.606	220.991	222.772	259.896	0	365.815	134.71	70.286	204.936	191.519	264.225	305.123	202.131	277.938	360.972	269.713	328.189	199.699	184.338	335.33
159.311	265.28	129.331	253.941	341.894	321.831	232.035	386.422	86.532	76.637	284.369	295.176	309.82	383.456	181.904	63.55	81.254	365.815	0	383.813	298.248	304.733	199.783	147.624	136.47	301.928	59.55	145.921	101.114	126.694	198.783	116.968	157.16
527.046	124.769	275.847	266.775	144.039	61.808	157.867	172.118	440.92	416.389	119.688	122.529	81.614	70.212	271.161	343.078	310.066	134.71	383.813	0	174.697	185.032	316.186	314.307	429.79	243.019	328.02	485.639	394.38	452.856	356.65	309.005	459.997
334.836	126.466	201.81	47.873	46.365	116.8	94.277	80.484	248.71	224.179	71.368	156.362	101.201	244.642	197.124	158.671	236.029	70.286	298.248	174.697	0	185.098	123.266	240.093	236.87	182.293	169.268	292.719	201.46	259.936	143.785	116.085	267.077
466.736	125.799	196.767	206.465	200.257	182.35	92.5	237.757	380.61	356.079	154.082	72.518	170.339	121.527	187.482	263.998	230.986	204.936	304.733	185.032	185.098	0	254.64	233.939	368.244	22.562	247.652	424.093	332.834	391.31	295.104	247.459	398.451
236.371	196.161	117.161	79.645	167.598	252.712	163.972	181.809	150.245	125.714	208.928	226.057	240.701	314.337	266.819	97.855	151.882	191.519	199.783	316.186	123.266	254.64	0	185.824	138.08	268.818	118.294	193.929	102.67	161.146	53.261	52.449	168.287
289.134	194.282	73.816	172.358	259.546	250.833	161.037	297.046	216.355	206.46	213.371	224.178	238.822	312.458	56.964	122.505	67.414	264.225	147.624	314.307	240.093	233.939	185.824	0	266.262	230.72	92.704	275.713	230.906	256.486	241.063	137.735	286.952
137.643	309.765	213.796	193.249	281.202	366.316	277.576	325.73	49.594	89.963	322.532	339.661	354.305	427.941	380.423	148.015	198.81	305.123	136.47	429.79	236.87	368.244	138.08	266.262	0	365.913	172.34	60.815	51.703	28.032	137.353	147.275	33.049
463.931	122.994	193.962	203.66	197.452	179.545	89.695	234.952	377.805	353.274	151.277	92.022	167.534	139.78	184.677	261.193	228.181	202.131	301.928	243.019	182.293	22.562	268.818	230.72	365.913	0	244.116	420.557	329.298	387.774	291.568	243.923	394.915
195.596	207.995	55.311	125.647	273.259	264.546	174.75	258.128	122.817	112.922	227.084	237.891	252.535	326.171	124.619	32.03	26.293	277.938	59.55	328.02	169.268	247.652	118.294	92.704	172.34	244.116	0	181.872	137.065	162.645	166.36	74.777	193.111
83.74	365.614	223.247	249.098	337.051	422.165	333.425	381.579	53.568	100.501	378.381	395.51	410.154	483.79	296.783	157.466	208.261	360.972	145.921	485.639	292.719	424.093	193.929	275.713	60.815	420.557	181.872	0	98.142	34.219	193.11	203.032	50.027
137.702	274.355	178.44	157.839	245.792	330.906	242.166	290.32	54.277	27.045	287.122	304.251	318.895	392.531	345.013	112.659	163.454	269.713	101.114	394.38	201.46	332.834	102.67	230.906	51.703	329.298	137.065	98.142	0	64.489	102.059	111.981	81.757
127.867	332.831	204.02	216.315	304.268	389.382	300.642	348.796	39.818	80.187	345.598	362.727	377.371	451.007	277.556	138.239	189.034	328.189	126.694	452.856	259.936	391.31	161.146	256.486	28.032	387.774	162.645	34.219	64.489	0	160.371	170.293	38.054
235.371	236.625	169.274	103.363	187.859	293.176	204.436	187.376	149.245	124.714	249.392	266.521	281.165	354.801	307.283	136.661	192.749	199.699	198.783	356.65	143.785	295.104	53.261	241.063	137.353	291.568	166.36	193.11	102.059	160.371	0	135.994	167.955
245.293	188.98	65.946	72.464	160.417	245.531	156.791	204.945	159.167	134.636	201.747	218.876	233.52	307.156	158.782	54.809	100.667	184.338	116.968	309.005	116.085	247.459	52.449	137.735	147.275	243.923	74.777	203.032	111.981	170.293	135.994	0	176.949
131.772	339.972	234.486	223.456	311.409	396.523	307.783	355.937	70.284	110.653	352.739	369.868	384.512	458.148	410.63	168.705	219.5	335.33	157.16	459.997	267.077	398.451	168.287	286.952	33.049	394.915	193.111	50.027	81.757	38.054	167.955	176.949	0
EOF
EOF